0.820000003973643
0.7333333325386048
0.8266666706403096
0.7333333325386048
0.7666666650772095
0.780000003973643
0.7733333325386047
0.8266666682561239
0.7666666698455811
0.7933333365122477
0.7733333365122477
0.7800000015894571
0.8066666634877523
0.7466666650772095
0.7733333341280619
0.8066666634877523
0.8266666706403096
0.7333333325386048
0.7666666650772095
0.780000003973643
0.7733333325386047
0.8266666682561239
0.7666666698455811
0.7933333365122477
0.7733333365122477
0.7800000015894571
0.8066666634877523
0.7466666650772095
0.7733333341280619
0.8066666634877523


0.7333333301544189
0.753333330154419